[[87, 6, 37], [55, 69, 158], [87, 1, 109], [66, 2, 154], [18, 98, 85], [74, 34, 125], [77, 47, 168], [93, 51, 56], [91, 55, 0], [12, 29, 56], [97, 96, 100], [9, 77, 125], [23, 37, 124], [67, 71, 120], [51, 66, 18], [10, 86, 15], [56, 80, 110], [53, 55, 60], [0, 0, 0], [11, 53, 110], [0, 0, 0], [61, 84, 140], [12, 35, 95], [92, 44, 70]]
[[16, 40, 5], [44, 96, 60], [66, 20, 106], [46, 19, 42], [8, 26, 104], [19, 65, 101], [76, 64, 68], [77, 70, 170], [80, 100, 20], [85, 21, 72], [74, 30, 87], [14, 70, 106], [87, 80, 62], [61, 47, 56], [35, 34, 81], [56, 84, 7], [53, 21, 69], [65, 14, 107], [0, 0, 0], [83, 25, 131], [0, 0, 0], [62, 90, 8], [0, 9, 168], [100, 43, 172]]
[[99, 19, 38], [96, 50, 116], [45, 52, 29], [84, 51, 102], [5, 51, 174], [69, 54, 162], [56, 89, 33], [11, 48, 101], [40, 60, 91], [84, 40, 113], [65, 95, 151], [88, 91, 109], [72, 86, 140], [95, 43, 55], [60, 38, 47], [69, 71, 65], [14, 85, 1], [65, 28, 53], [0, 0, 0], [78, 61, 71], [0, 0, 0], [21, 25, 19], [16, 88, 10], [38, 44, 102]]
[[99, 67, 114], [23, 55, 115], [23, 58, 131], [93, 78, 63], [50, 81, 14], [19, 36, 97], [75, 69, 5], [58, 66, 47], [42, 89, 103], [30, 52, 127], [9, 35, 165], [99, 85, 97], [46, 88, 74], [23, 57, 31], [42, 2, 120], [7, 64, 124], [86, 100, 32], [33, 27, 111], [0, 0, 0], [99, 34, 82], [0, 0, 0], [21, 64, 20], [13, 89, 55], [55, 77, 127]]
[[3, 69, 42], [64, 81, 103], [36, 35, 17], [71, 6, 176], [68, 91, 82], [53, 28, 41], [88, 82, 98], [39, 42, 34], [69, 81, 98], [53, 99, 120], [31, 21, 9], [74, 44, 65], [36, 68, 164], [99, 73, 11], [79, 79, 78], [8, 31, 14], [96, 73, 121], [51, 37, 82], [0, 0, 0], [17, 42, 86], [0, 0, 0], [31, 39, 64], [0, 71, 138], [20, 17, 61]]
[[95, 54, 59], [15, 35, 28], [9, 21, 166], [63, 34, 120], [19, 25, 67], [57, 61, 143], [9, 1, 141], [16, 89, 15], [59, 27, 153], [44, 58, 30], [57, 26, 72], [19, 11, 61], [15, 11, 66], [72, 84, 113], [2, 51, 164], [65, 19, 166], [74, 36, 17], [4, 23, 5], [0, 0, 0], [22, 81, 76], [0, 0, 0], [57, 48, 125], [8, 39, 119], [53, 14, 134]]
[[67, 100, 58], [12, 12, 44], [49, 93, 95], [33, 86, 44], [8, 75, 150], [25, 79, 161], [8, 95, 100], [35, 46, 14], [13, 0, 125], [25, 76, 125], [7, 65, 87], [46, 16, 71], [29, 37, 84], [20, 9, 148], [83, 89, 67], [63, 31, 33], [47, 34, 36], [58, 25, 168], [0, 0, 0], [82, 59, 179], [0, 0, 0], [41, 76, 57], [60, 79, 86], [84, 39, 33]]
[[97, 15, 125], [9, 13, 2], [97, 48, 75], [48, 62, 29], [19, 2, 57], [98, 55, 156], [20, 94, 108], [79, 55, 88], [88, 82, 179], [96, 21, 25], [52, 22, 137], [54, 8, 124], [5, 19, 0], [82, 51, 18], [68, 26, 152], [29, 8, 61], [21, 80, 86], [75, 70, 87], [0, 0, 0], [67, 36, 56], [0, 0, 0], [91, 44, 96], [83, 50, 141], [62, 27, 77]]
[[78, 15, 41], [2, 14, 83], [76, 28, 171], [17, 5, 132], [26, 27, 102], [57, 40, 104], [26, 87, 109], [0, 88, 113], [1, 94, 146], [77, 33, 23], [30, 48, 119], [28, 43, 118], [43, 40, 83], [12, 16, 44], [45, 17, 83], [5, 14, 85], [40, 16, 89], [93, 2, 144], [0, 0, 0], [60, 81, 171], [0, 0, 0], [28, 94, 85], [79, 21, 90], [94, 99, 74]]
[[80, 0, 68], [0, 7, 149], [35, 52, 142], [91, 45, 9], [6, 94, 51], [15, 93, 82], [38, 36, 73], [22, 12, 73], [96, 3, 102], [2, 27, 176], [81, 75, 39], [1, 76, 141], [94, 47, 101], [97, 36, 105], [85, 21, 52], [43, 85, 54], [69, 58, 74], [97, 79, 50], [0, 0, 0], [15, 22, 149], [0, 0, 0], [92, 38, 1], [32, 62, 61], [24, 60, 30]]
[[88, 15, 17], [35, 74, 82], [5, 5, 88], [4, 83, 40], [28, 36, 171], [48, 62, 142], [58, 88, 66], [43, 77, 124], [58, 77, 129], [20, 24, 120], [47, 35, 76], [88, 85, 149], [14, 74, 1], [7, 60, 13], [82, 100, 143], [32, 8, 41], [60, 15, 172], [79, 98, 132], [0, 0, 0], [81, 62, 177], [0, 0, 0], [74, 36, 96], [89, 21, 147], [55, 2, 26]]
[[21, 52, 90], [80, 27, 130], [25, 89, 124], [90, 82, 62], [91, 45, 30], [80, 46, 20], [11, 96, 97], [7, 77, 166], [71, 13, 50], [16, 71, 50], [36, 50, 74], [1, 64, 43], [8, 84, 35], [22, 63, 173], [54, 6, 159], [53, 87, 58], [80, 29, 124], [91, 68, 124], [0, 0, 0], [17, 32, 13], [0, 0, 0], [35, 19, 4], [64, 97, 146], [31, 60, 179]]
[[60, 83, 173], [18, 17, 165], [14, 59, 127], [1, 99, 15], [31, 11, 37], [97, 54, 1], [53, 1, 76], [78, 13, 90], [84, 46, 99], [81, 60, 4], [78, 87, 40], [40, 94, 98], [85, 53, 152], [36, 60, 13], [51, 88, 136], [90, 97, 7], [41, 60, 32], [97, 70, 31], [0, 0, 0], [73, 11, 171], [0, 0, 0], [85, 31, 63], [70, 79, 158], [8, 58, 119]]
[[99, 25, 88], [6, 39, 55], [26, 26, 177], [58, 38, 142], [97, 28, 49], [2, 67, 121], [79, 20, 95], [60, 41, 95], [87, 15, 8], [28, 70, 38], [27, 58, 12], [64, 41, 178], [87, 66, 145], [22, 40, 40], [77, 49, 47], [15, 19, 158], [28, 61, 148], [10, 2, 55], [0, 0, 0], [41, 63, 172], [0, 0, 0], [71, 13, 170], [10, 79, 85], [63, 40, 60]]
[[88, 0, 55], [56, 76, 138], [58, 33, 99], [41, 81, 97], [33, 24, 111], [94, 94, 37], [42, 52, 73], [89, 1, 125], [70, 33, 74], [12, 38, 107], [1, 15, 134], [70, 39, 17], [82, 72, 158], [39, 12, 159], [96, 27, 108], [27, 35, 139], [25, 66, 77], [36, 14, 162], [0, 0, 0], [60, 10, 58], [0, 0, 0], [32, 52, 175], [9, 32, 15], [16, 30, 21]]
[[69, 5, 111], [93, 55, 169], [81, 59, 155], [77, 40, 171], [51, 17, 54], [58, 54, 170], [96, 42, 55], [82, 64, 0], [78, 17, 19], [76, 70, 145], [78, 26, 65], [42, 46, 50], [52, 52, 6], [25, 32, 6], [78, 78, 87], [24, 61, 114], [21, 43, 62], [99, 65, 109], [0, 0, 0], [36, 8, 111], [0, 0, 0], [50, 17, 31], [32, 91, 20], [95, 57, 49]]
[[98, 51, 79], [22, 13, 52], [72, 39, 48], [21, 24, 108], [93, 83, 90], [33, 72, 97], [86, 97, 47], [28, 60, 10], [60, 67, 170], [69, 20, 24], [28, 82, 68], [70, 66, 8], [7, 37, 132], [27, 38, 72], [34, 12, 22], [30, 44, 98], [30, 79, 167], [89, 75, 3], [0, 0, 0], [76, 56, 67], [0, 0, 0], [19, 46, 2], [65, 12, 89], [57, 16, 80]]
[[99, 83, 11], [20, 65, 176], [69, 7, 40], [45, 51, 64], [70, 62, 56], [51, 69, 2], [56, 89, 156], [78, 96, 136], [3, 22, 14], [41, 83, 100], [5, 61, 126], [5, 82, 114], [95, 30, 4], [14, 76, 59], [35, 60, 150], [85, 2, 23], [91, 23, 12], [15, 86, 16], [0, 0, 0], [36, 74, 32], [0, 0, 0], [86, 78, 161], [61, 77, 66], [43, 9, 156]]
[[1, 6, 110], [41, 88, 55], [6, 94, 35], [0, 48, 4], [39, 43, 52], [92, 87, 58], [80, 62, 17], [63, 97, 99], [77, 77, 172], [28, 44, 77], [49, 28, 158], [91, 56, 174], [100, 91, 7], [62, 48, 41], [16, 22, 156], [73, 43, 159], [9, 22, 147], [0, 76, 12], [0, 0, 0], [70, 65, 41], [0, 0, 0], [100, 60, 23], [35, 56, 109], [17, 51, 21]]
[[88, 27, 177], [57, 98, 54], [86, 57, 164], [53, 61, 156], [69, 44, 81], [88, 0, 54], [99, 50, 88], [86, 27, 172], [15, 1, 41], [42, 62, 83], [83, 43, 76], [31, 85, 20], [44, 20, 20], [35, 31, 38], [73, 11, 151], [67, 58, 50], [4, 100, 141], [11, 52, 96], [0, 0, 0], [19, 9, 61], [0, 0, 0], [95, 3, 71], [6, 99, 5], [54, 81, 178]]
[[61, 61, 115], [19, 72, 69], [52, 31, 69], [47, 68, 47], [4, 9, 155], [29, 76, 5], [66, 6, 101], [6, 56, 154], [83, 63, 30], [38, 9, 143], [75, 79, 31], [76, 70, 32], [65, 24, 62], [3, 77, 108], [37, 67, 136], [7, 76, 150], [11, 15, 145], [84, 24, 131], [0, 0, 0], [61, 9, 111], [0, 0, 0], [45, 84, 133], [55, 62, 59], [37, 79, 14]]
[[16, 50, 118], [64, 51, 44], [33, 76, 149], [44, 65, 56], [28, 65, 50], [12, 0, 3], [29, 94, 59], [58, 91, 71], [54, 72, 164], [93, 18, 63], [11, 17, 174], [83, 100, 45], [49, 98, 168], [25, 81, 143], [45, 76, 117], [40, 54, 26], [46, 38, 116], [72, 71, 86], [0, 0, 0], [59, 57, 32], [0, 0, 0], [99, 50, 29], [15, 49, 135], [20, 74, 9]]
[[27, 16, 133], [18, 81, 7], [10, 25, 65], [68, 12, 75], [27, 57, 123], [96, 63, 121], [2, 87, 94], [79, 51, 48], [94, 6, 42], [19, 60, 38], [84, 76, 170], [9, 59, 14], [100, 53, 39], [20, 91, 141], [62, 3, 77], [62, 76, 105], [11, 20, 12], [32, 1, 101], [0, 0, 0], [84, 42, 88], [0, 0, 0], [80, 24, 119], [30, 25, 98], [89, 22, 130]]
[[27, 7, 138], [95, 80, 95], [52, 64, 131], [6, 14, 145], [87, 13, 145], [45, 25, 180], [33, 77, 22], [16, 79, 12], [69, 54, 128], [38, 34, 77], [24, 54, 119], [4, 36, 131], [16, 92, 117], [89, 74, 61], [15, 98, 126], [99, 32, 124], [66, 41, 129], [17, 19, 37], [0, 0, 0], [88, 7, 164], [0, 0, 0], [81, 36, 18], [8, 57, 29], [100, 84, 54]]
[[12, 33, 40], [53, 53, 138], [27, 22, 159], [46, 47, 130], [64, 25, 29], [78, 77, 175], [28, 77, 1], [8, 47, 131], [9, 27, 152], [19, 10, 110], [84, 18, 104], [99, 81, 96], [69, 100, 107], [99, 91, 77], [49, 63, 109], [48, 57, 95], [3, 43, 49], [61, 60, 40], [0, 0, 0], [3, 91, 18], [0, 0, 0], [14, 46, 33], [55, 95, 83], [85, 49, 46]]
[[23, 48, 173], [54, 21, 172], [37, 19, 0], [38, 17, 116], [22, 42, 80], [17, 10, 62], [76, 25, 44], [19, 14, 161], [52, 66, 168], [97, 30, 79], [94, 56, 15], [8, 91, 31], [75, 86, 125], [15, 18, 77], [31, 5, 52], [2, 71, 22], [96, 86, 138], [54, 43, 3], [0, 0, 0], [60, 58, 178], [0, 0, 0], [80, 73, 137], [98, 27, 167], [64, 39, 15]]
[[66, 53, 177], [52, 68, 158], [46, 12, 47], [89, 63, 156], [72, 20, 180], [39, 17, 34], [19, 91, 11], [33, 63, 56], [81, 93, 37], [26, 44, 140], [77, 52, 165], [20, 36, 117], [90, 50, 146], [99, 4, 24], [21, 88, 150], [69, 17, 54], [50, 7, 136], [74, 39, 73], [0, 0, 0], [20, 23, 85], [0, 0, 0], [90, 5, 13], [14, 39, 30], [0, 82, 1]]
[[56, 93, 168], [79, 21, 38], [14, 15, 95], [4, 85, 101], [23, 16, 129], [16, 97, 49], [24, 0, 131], [79, 95, 87], [43, 22, 113], [65, 39, 116], [62, 79, 30], [30, 5, 161], [65, 55, 34], [23, 29, 171], [22, 8, 173], [42, 58, 176], [95, 27, 174], [30, 91, 149], [0, 0, 0], [63, 35, 55], [0, 0, 0], [14, 58, 59], [44, 85, 35], [56, 64, 72]]
[[16, 84, 8], [34, 95, 19], [82, 71, 109], [82, 39, 101], [53, 53, 56], [96, 25, 52], [25, 4, 109], [26, 20, 71], [33, 37, 104], [56, 76, 1], [69, 18, 60], [50, 48, 41], [69, 77, 56], [32, 45, 164], [69, 97, 18], [2, 81, 163], [77, 86, 77], [78, 66, 180], [0, 0, 0], [30, 50, 157], [0, 0, 0], [9, 19, 89], [54, 71, 144], [2, 66, 129]]
[[37, 48, 40], [72, 66, 86], [89, 36, 133], [18, 92, 93], [97, 75, 65], [99, 9, 71], [78, 28, 163], [14, 40, 151], [61, 15, 68], [82, 21, 99], [81, 2, 121], [11, 13, 54], [43, 99, 11], [71, 89, 30], [46, 16, 110], [5, 87, 133], [49, 25, 74], [98, 54, 147], [0, 0, 0], [24, 99, 170], [0, 0, 0], [38, 63, 34], [14, 14, 100], [54, 19, 118]]
[[59, 97, 52], [17, 80, 31], [45, 7, 152], [7, 100, 16], [12, 32, 91], [76, 77, 47], [51, 40, 36], [45, 1, 174], [62, 0, 145], [61, 82, 86], [76, 84, 7], [64, 51, 20], [47, 38, 7], [43, 91, 53], [44, 96, 4], [61, 62, 46], [10, 65, 71], [51, 66, 54], [0, 0, 0], [55, 77, 140], [0, 0, 0], [57, 29, 89], [0, 46, 160], [45, 70, 114]]
[[58, 5, 134], [46, 97, 140], [48, 66, 13], [72, 79, 178], [51, 50, 65], [93, 12, 142], [9, 72, 96], [93, 100, 96], [38, 72, 166], [59, 98, 69], [97, 79, 101], [76, 27, 153], [60, 93, 15], [88, 1, 132], [23, 31, 79], [48, 69, 157], [73, 56, 131], [38, 48, 95], [0, 0, 0], [33, 27, 47], [0, 0, 0], [25, 79, 16], [84, 81, 144], [11, 33, 19]]
[[71, 16, 105], [42, 41, 167], [1, 28, 69], [71, 19, 54], [32, 87, 0], [47, 67, 170], [72, 95, 33], [58, 18, 77], [80, 24, 114], [100, 27, 7], [12, 28, 158], [32, 48, 150], [60, 55, 143], [43, 85, 21], [77, 58, 8], [47, 96, 146], [7, 30, 72], [77, 37, 9], [0, 0, 0], [62, 1, 90], [0, 0, 0], [96, 35, 120], [73, 51, 28], [53, 8, 40]]
[[60, 88, 172], [64, 65, 152], [54, 63, 0], [53, 97, 18], [98, 86, 153], [24, 3, 43], [62, 43, 127], [21, 9, 161], [58, 36, 135], [22, 71, 135], [30, 89, 67], [42, 48, 170], [22, 12, 133], [24, 12, 57], [27, 19, 131], [35, 53, 161], [45, 75, 68], [8, 10, 44], [0, 0, 0], [29, 55, 20], [0, 0, 0], [99, 0, 38], [48, 30, 178], [75, 28, 6]]
[[58, 23, 67], [4, 77, 105], [85, 23, 14], [18, 38, 168], [5, 17, 166], [59, 61, 93], [4, 35, 40], [58, 55, 19], [10, 26, 77], [26, 23, 168], [33, 4, 35], [96, 16, 82], [97, 52, 20], [18, 77, 179], [62, 54, 8], [95, 39, 58], [0, 1, 70], [78, 42, 8], [0, 0, 0], [81, 40, 128], [0, 0, 0], [63, 0, 51], [92, 87, 62], [16, 95, 39]]
[[100, 81, 95], [92, 2, 102], [47, 28, 62], [25, 27, 155], [31, 68, 31], [59, 2, 143], [90, 51, 85], [46, 97, 154], [99, 52, 76], [1, 44, 37], [81, 59, 138], [64, 27, 130], [87, 59, 146], [25, 39, 141], [37, 58, 71], [81, 26, 36], [13, 55, 61], [20, 93, 40], [0, 0, 0], [48, 25, 32], [0, 0, 0], [69, 78, 141], [36, 66, 126], [72, 85, 48]]
[[50, 73, 57], [100, 75, 67], [94, 4, 34], [91, 80, 133], [10, 23, 163], [61, 3, 112], [82, 58, 124], [86, 14, 134], [41, 55, 14], [50, 5, 18], [86, 19, 14], [46, 50, 97], [43, 70, 69], [19, 13, 148], [71, 89, 88], [11, 71, 150], [33, 23, 147], [38, 97, 150], [0, 0, 0], [24, 51, 124], [0, 0, 0], [81, 20, 70], [51, 9, 169], [23, 54, 49]]
[[55, 86, 111], [83, 86, 0], [24, 39, 162], [19, 12, 167], [23, 83, 98], [44, 83, 44], [25, 72, 102], [65, 62, 123], [97, 49, 73], [87, 50, 59], [12, 60, 14], [79, 47, 19], [80, 95, 21], [32, 44, 149], [5, 14, 153], [98, 95, 126], [34, 38, 7], [21, 63, 158], [0, 0, 0], [32, 23, 102], [0, 0, 0], [9, 68, 47], [2, 55, 25], [94, 32, 66]]
[[50, 100, 127], [25, 51, 166], [33, 19, 139], [11, 25, 139], [14, 46, 79], [88, 50, 43], [14, 94, 44], [31, 8, 180], [67, 25, 149], [28, 80, 116], [94, 34, 168], [35, 50, 52], [61, 76, 55], [62, 14, 87], [93, 95, 90], [51, 66, 4], [12, 79, 9], [25, 92, 148], [0, 0, 0], [11, 87, 73], [0, 0, 0], [0, 56, 151], [57, 44, 100], [49, 84, 177]]
[[87, 96, 9], [94, 12, 75], [29, 70, 161], [59, 18, 155], [47, 26, 51], [71, 83, 6], [42, 1, 127], [83, 38, 59], [7, 45, 86], [52, 80, 121], [69, 98, 179], [45, 85, 81], [61, 22, 41], [49, 73, 141], [64, 15, 59], [35, 24, 45], [88, 74, 128], [48, 14, 0], [0, 0, 0], [44, 35, 26], [0, 0, 0], [98, 0, 61], [98, 63, 51], [80, 37, 63]]
[[25, 68, 5], [17, 82, 46], [30, 98, 100], [5, 53, 20], [11, 89, 162], [80, 10, 106], [82, 63, 29], [16, 27, 118], [98, 68, 21], [33, 74, 72], [7, 41, 107], [36, 7, 72], [25, 24, 121], [81, 82, 117], [78, 62, 38], [72, 86, 18], [1, 23, 85], [92, 81, 57], [0, 0, 0], [21, 85, 48], [0, 0, 0], [44, 51, 8], [44, 57, 95], [76, 76, 151]]
[[33, 42, 167], [17, 72, 115], [89, 16, 34], [52, 23, 147], [1, 46, 165], [83, 99, 34], [73, 49, 100], [50, 90, 14], [11, 50, 128], [57, 7, 92], [48, 44, 79], [90, 33, 95], [14, 75, 26], [41, 94, 26], [62, 35, 152], [90, 96, 96], [11, 69, 79], [91, 54, 18], [0, 0, 0], [8, 44, 128], [0, 0, 0], [38, 34, 14], [65, 56, 16], [81, 20, 135]]
[[8, 83, 159], [68, 49, 144], [20, 0, 117], [55, 76, 91], [77, 21, 34], [51, 30, 131], [74, 38, 21], [78, 88, 6], [13, 97, 129], [85, 20, 1], [2, 99, 70], [53, 49, 135], [6, 67, 39], [53, 44, 149], [96, 11, 21], [4, 20, 71], [64, 77, 140], [5, 27, 106], [0, 0, 0], [19, 2, 149], [0, 0, 0], [3, 24, 47], [75, 68, 105], [50, 87, 155]]
[[31, 87, 43], [6, 67, 29], [90, 64, 128], [63, 9, 144], [37, 75, 145], [60, 68, 122], [23, 52, 60], [46, 88, 48], [13, 31, 155], [38, 1, 27], [39, 66, 111], [47, 6, 100], [86, 65, 13], [61, 15, 39], [2, 90, 129], [19, 10, 21], [39, 70, 174], [96, 46, 76], [0, 0, 0], [55, 27, 172], [0, 0, 0], [75, 83, 168], [90, 25, 155], [22, 83, 89]]
[[90, 0, 50], [10, 10, 84], [88, 32, 98], [91, 14, 113], [20, 61, 26], [66, 94, 59], [16, 4, 169], [43, 43, 169], [52, 15, 69], [47, 36, 106], [80, 94, 16], [7, 0, 169], [51, 71, 148], [65, 69, 75], [42, 1, 81], [59, 68, 34], [92, 80, 159], [64, 22, 56], [0, 0, 0], [2, 28, 122], [0, 0, 0], [100, 63, 122], [60, 84, 1], [74, 52, 104]]
[[97, 44, 146], [91, 11, 87], [73, 62, 43], [31, 39, 16], [40, 77, 1], [38, 12, 137], [32, 26, 150], [17, 9, 122], [10, 52, 80], [35, 93, 30], [66, 38, 51], [95, 42, 141], [40, 66, 23], [91, 75, 123], [93, 7, 167], [22, 46, 164], [56, 15, 139], [31, 91, 174], [0, 0, 0], [19, 46, 96], [0, 0, 0], [54, 40, 85], [23, 59, 15], [37, 60, 87]]
[[70, 18, 76], [24, 72, 156], [16, 0, 141], [4, 57, 58], [80, 100, 180], [91, 81, 164], [84, 86, 83], [7, 81, 46], [4, 90, 36], [49, 71, 152], [7, 73, 62], [65, 69, 106], [43, 11, 113], [3, 80, 52], [71, 33, 116], [77, 29, 4], [1, 69, 103], [39, 79, 42], [0, 0, 0], [6, 96, 27], [0, 0, 0], [0, 99, 95], [36, 13, 102], [5, 90, 180]]
[[40, 39, 68], [8, 62, 100], [15, 37, 51], [42, 77, 80], [14, 73, 148], [86, 60, 61], [18, 28, 57], [3, 21, 118], [41, 18, 162], [17, 85, 137], [80, 46, 52], [88, 43, 80], [26, 32, 58], [59, 47, 146], [56, 21, 141], [57, 37, 101], [1, 35, 112], [19, 49, 156], [0, 0, 0], [26, 86, 9], [0, 0, 0], [53, 49, 133], [54, 15, 99], [78, 27, 28]]
[[2, 97, 165], [9, 47, 89], [99, 59, 55], [26, 70, 176], [2, 2, 9], [72, 33, 155], [91, 34, 27], [0, 62, 115], [28, 54, 163], [23, 13, 100], [36, 33, 111], [12, 83, 64], [31, 35, 180], [88, 24, 14], [90, 72, 173], [32, 33, 22], [33, 68, 64], [67, 40, 178], [0, 0, 0], [46, 61, 8], [0, 0, 0], [98, 56, 25], [5, 9, 62], [56, 29, 26]]
[[73, 28, 47], [29, 33, 142], [39, 63, 67], [54, 32, 93], [97, 42, 67], [32, 12, 14], [92, 45, 51], [23, 0, 128], [33, 17, 69], [62, 79, 163], [52, 9, 1], [40, 87, 116], [13, 72, 99], [52, 91, 41], [18, 76, 28], [14, 38, 127], [38, 73, 148], [8, 80, 36], [0, 0, 0], [69, 40, 26], [0, 0, 0], [80, 99, 89], [80, 96, 110], [35, 55, 89]]
[[37, 37, 30], [0, 69, 177], [97, 29, 160], [15, 86, 151], [74, 40, 44], [19, 100, 67], [46, 64, 57], [27, 55, 30], [77, 85, 133], [57, 23, 100], [30, 15, 166], [86, 38, 159], [57, 82, 157], [92, 65, 41], [90, 98, 35], [68, 67, 51], [69, 21, 73], [5, 73, 84], [0, 0, 0], [0, 14, 1], [0, 0, 0], [39, 41, 75], [94, 31, 57], [21, 13, 36]]
[[83, 23, 175], [41, 14, 27], [80, 73, 79], [35, 63, 109], [70, 39, 3], [62, 30, 124], [84, 98, 159], [81, 77, 168], [26, 13, 66], [11, 78, 20], [24, 73, 146], [15, 27, 68], [29, 10, 62], [93, 16, 86], [50, 94, 52], [1, 54, 151], [18, 96, 72], [79, 91, 84], [0, 0, 0], [22, 100, 154], [0, 0, 0], [34, 80, 159], [8, 3, 146], [38, 7, 40]]
[[99, 88, 179], [45, 3, 83], [8, 42, 103], [37, 51, 69], [97, 87, 40], [37, 98, 26], [84, 65, 120], [0, 80, 132], [81, 86, 146], [60, 39, 69], [33, 99, 4], [24, 93, 86], [21, 75, 81], [28, 58, 137], [14, 9, 40], [35, 18, 77], [93, 78, 136], [6, 0, 158], [0, 0, 0], [21, 42, 85], [0, 0, 0], [72, 21, 171], [20, 18, 58], [61, 72, 106]]
[[62, 86, 166], [39, 19, 107], [72, 84, 144], [82, 5, 60], [85, 59, 62], [81, 47, 6], [87, 92, 65], [57, 86, 56], [60, 11, 139], [56, 74, 62], [39, 53, 119], [100, 12, 120], [81, 13, 79], [78, 75, 45], [19, 13, 133], [20, 100, 119], [98, 64, 162], [8, 13, 3], [0, 0, 0], [88, 96, 164], [0, 0, 0], [5, 71, 17], [1, 71, 135], [65, 10, 32]]
[[30, 76, 71], [31, 29, 39], [98, 95, 120], [27, 57, 39], [76, 33, 7], [5, 76, 45], [51, 41, 174], [58, 52, 21], [57, 16, 42], [75, 28, 25], [5, 40, 151], [1, 51, 68], [54, 53, 133], [51, 3, 143], [47, 16, 2], [6, 35, 45], [36, 54, 55], [64, 51, 57], [0, 0, 0], [6, 21, 132], [0, 0, 0], [81, 57, 124], [86, 39, 148], [24, 96, 151]]
[[91, 88, 93], [33, 23, 11], [5, 71, 106], [8, 58, 179], [97, 92, 170], [14, 5, 75], [75, 21, 166], [27, 92, 61], [76, 18, 69], [92, 42, 125], [2, 6, 178], [46, 93, 104], [100, 46, 151], [77, 23, 163], [2, 55, 158], [19, 61, 129], [11, 86, 40], [80, 40, 99], [0, 0, 0], [10, 1, 68], [0, 0, 0], [94, 67, 153], [26, 18, 163], [52, 61, 157]]
[[82, 30, 133], [45, 89, 140], [70, 45, 155], [9, 38, 84], [34, 22, 160], [67, 66, 122], [61, 3, 150], [80, 65, 146], [98, 27, 62], [8, 2, 163], [76, 27, 40], [85, 30, 3], [64, 5, 175], [6, 24, 30], [17, 65, 144], [2, 76, 93], [38, 22, 7], [42, 45, 90], [0, 0, 0], [17, 56, 66], [0, 0, 0], [49, 55, 87], [68, 17, 2], [8, 78, 73]]
[[31, 62, 154], [97, 10, 48], [47, 74, 7], [76, 97, 7], [10, 51, 57], [1, 32, 135], [50, 60, 29], [83, 64, 139], [9, 13, 70], [55, 1, 53], [73, 84, 137], [99, 81, 120], [38, 5, 141], [62, 58, 54], [27, 86, 142], [51, 60, 46], [64, 60, 48], [58, 71, 101], [0, 0, 0], [86, 4, 0], [0, 0, 0], [1, 76, 109], [13, 96, 5], [47, 78, 9]]
[[51, 83, 119], [65, 22, 77], [63, 10, 165], [75, 82, 155], [68, 88, 130], [14, 1, 159], [33, 20, 72], [31, 59, 102], [81, 87, 37], [57, 53, 171], [46, 34, 114], [64, 39, 121], [1, 2, 167], [64, 4, 93], [10, 94, 154], [62, 39, 121], [6, 38, 8], [92, 27, 0], [0, 0, 0], [50, 88, 118], [0, 0, 0], [52, 53, 168], [52, 43, 70], [16, 69, 43]]
[[36, 96, 24], [55, 58, 101], [4, 86, 61], [54, 34, 89], [96, 73, 60], [73, 0, 12], [90, 51, 102], [89, 62, 124], [18, 69, 14], [14, 62, 65], [23, 56, 130], [19, 37, 156], [26, 100, 144], [58, 47, 116], [43, 22, 120], [5, 81, 39], [7, 79, 117], [97, 21, 54], [0, 0, 0], [7, 4, 172], [0, 0, 0], [93, 12, 153], [100, 23, 1], [76, 51, 123]]
[[90, 43, 171], [53, 60, 157], [30, 75, 94], [40, 91, 69], [30, 5, 119], [12, 78, 35], [94, 37, 83], [82, 59, 172], [72, 91, 172], [72, 10, 60], [24, 18, 119], [16, 81, 132], [87, 77, 69], [48, 75, 75], [72, 92, 77], [88, 63, 97], [17, 16, 158], [96, 28, 52], [0, 0, 0], [27, 30, 95], [0, 0, 0], [60, 96, 19], [82, 78, 55], [60, 40, 98]]
[[32, 43, 148], [8, 43, 133], [8, 21, 137], [74, 12, 40], [73, 30, 27], [21, 44, 61], [80, 31, 73], [44, 30, 97], [36, 95, 156], [95, 53, 4], [29, 93, 131], [28, 88, 61], [65, 60, 102], [68, 40, 178], [97, 92, 4], [68, 66, 39], [11, 57, 137], [52, 47, 123], [0, 0, 0], [91, 51, 144], [0, 0, 0], [63, 96, 36], [58, 51, 158], [67, 42, 140]]
[[36, 11, 24], [14, 20, 104], [17, 4, 163], [56, 8, 113], [5, 59, 133], [29, 60, 7], [1, 70, 154], [81, 7, 164], [99, 85, 103], [71, 71, 50], [84, 42, 19], [16, 96, 85], [51, 88, 148], [65, 30, 126], [47, 74, 31], [31, 3, 29], [45, 25, 114], [20, 31, 47], [0, 0, 0], [20, 76, 47], [0, 0, 0], [8, 57, 171], [3, 82, 124], [32, 44, 114]]
[[55, 54, 131], [8, 36, 136], [49, 27, 20], [27, 90, 92], [38, 33, 130], [29, 22, 156], [39, 37, 128], [44, 3, 124], [6, 87, 158], [73, 34, 88], [75, 63, 63], [35, 61, 11], [78, 82, 38], [51, 74, 134], [2, 13, 173], [62, 32, 130], [67, 96, 142], [23, 9, 84], [0, 0, 0], [51, 75, 7], [0, 0, 0], [86, 97, 35], [43, 13, 12], [9, 31, 83]]
[[70, 82, 154], [15, 66, 20], [46, 12, 128], [58, 9, 22], [95, 40, 96], [36, 23, 75], [36, 51, 180], [11, 82, 38], [33, 43, 52], [61, 99, 150], [9, 10, 138], [86, 59, 33], [9, 16, 16], [84, 21, 22], [0, 22, 73], [4, 76, 44], [3, 39, 76], [7, 35, 30], [0, 0, 0], [68, 7, 6], [0, 0, 0], [81, 26, 102], [92, 19, 17], [25, 52, 146]]
[[79, 44, 178], [41, 44, 151], [37, 35, 166], [16, 5, 88], [88, 43, 177], [74, 0, 87], [14, 43, 126], [49, 98, 79], [44, 36, 139], [28, 54, 108], [84, 58, 75], [52, 72, 121], [3, 26, 49], [100, 52, 61], [12, 35, 32], [32, 80, 91], [53, 84, 52], [61, 65, 167], [0, 0, 0], [52, 54, 87], [0, 0, 0], [40, 22, 42], [49, 66, 144], [59, 42, 46]]
[[97, 61, 88], [43, 13, 25], [46, 82, 117], [3, 67, 37], [31, 87, 176], [5, 74, 44], [48, 94, 64], [22, 9, 25], [62, 28, 118], [56, 86, 4], [7, 48, 126], [46, 23, 0], [64, 37, 87], [14, 39, 72], [35, 5, 2], [87, 79, 35], [47, 24, 99], [75, 72, 17], [0, 0, 0], [46, 1, 92], [0, 0, 0], [13, 88, 129], [65, 61, 134], [33, 96, 130]]
[[33, 0, 141], [27, 78, 102], [53, 49, 26], [83, 92, 15], [30, 94, 138], [44, 12, 37], [86, 8, 74], [30, 39, 51], [77, 90, 131], [10, 95, 172], [61, 55, 166], [27, 20, 175], [7, 84, 168], [72, 78, 73], [38, 55, 122], [74, 21, 107], [87, 68, 177], [57, 64, 120], [0, 0, 0], [31, 63, 53], [0, 0, 0], [13, 46, 121], [52, 43, 162], [4, 72, 7]]
[[51, 99, 122], [64, 45, 42], [97, 66, 81], [31, 88, 117], [40, 89, 68], [77, 91, 0], [40, 87, 143], [45, 97, 103], [94, 3, 178], [40, 34, 63], [13, 26, 89], [56, 48, 124], [82, 73, 134], [78, 87, 101], [8, 4, 5], [44, 52, 155], [96, 53, 98], [14, 19, 98], [0, 0, 0], [18, 30, 33], [0, 0, 0], [8, 80, 149], [91, 32, 53], [59, 6, 170]]
[[66, 65, 49], [89, 81, 74], [70, 52, 128], [97, 64, 37], [75, 26, 60], [83, 38, 177], [21, 17, 127], [8, 54, 173], [75, 25, 165], [81, 30, 95], [8, 41, 75], [77, 70, 6], [91, 89, 41], [62, 41, 140], [53, 35, 68], [75, 84, 109], [40, 53, 116], [39, 87, 48], [0, 0, 0], [5, 68, 142], [0, 0, 0], [62, 1, 64], [26, 90, 29], [93, 97, 179]]
[[6, 88, 141], [8, 32, 23], [62, 23, 77], [29, 81, 135], [25, 4, 1], [36, 32, 165], [41, 56, 10], [57, 57, 63], [61, 42, 116], [57, 25, 180], [60, 72, 35], [40, 32, 90], [53, 4, 161], [36, 71, 128], [16, 76, 84], [28, 17, 51], [74, 96, 6], [87, 75, 67], [0, 0, 0], [96, 90, 58], [0, 0, 0], [26, 94, 153], [62, 77, 74], [90, 63, 55]]
[[98, 72, 164], [95, 84, 141], [23, 41, 81], [63, 42, 83], [5, 89, 31], [84, 72, 53], [0, 55, 147], [34, 21, 114], [56, 77, 14], [37, 7, 139], [42, 56, 116], [59, 60, 163], [79, 68, 60], [2, 65, 11], [9, 58, 148], [74, 71, 92], [53, 47, 54], [80, 59, 160], [0, 0, 0], [15, 34, 52], [0, 0, 0], [17, 39, 151], [13, 59, 138], [49, 86, 36]]
[[66, 61, 35], [45, 24, 147], [51, 16, 43], [6, 99, 43], [25, 77, 167], [5, 55, 166], [68, 28, 163], [3, 1, 85], [90, 99, 169], [20, 12, 41], [43, 80, 124], [46, 99, 70], [66, 64, 143], [39, 31, 110], [40, 26, 4], [33, 61, 24], [74, 56, 93], [84, 27, 133], [0, 0, 0], [20, 55, 163], [0, 0, 0], [81, 65, 4], [92, 9, 177], [70, 32, 24]]
[[29, 82, 96], [71, 49, 51], [35, 77, 103], [51, 59, 162], [91, 97, 70], [60, 26, 56], [63, 82, 105], [20, 93, 112], [83, 82, 31], [41, 29, 180], [90, 63, 118], [33, 72, 23], [5, 61, 15], [26, 11, 10], [1, 76, 59], [71, 72, 174], [46, 23, 171], [96, 43, 152], [0, 0, 0], [99, 95, 123], [0, 0, 0], [8, 82, 59], [30, 0, 83], [30, 36, 151]]
[[57, 80, 128], [0, 63, 110], [2, 11, 146], [48, 7, 144], [84, 74, 160], [86, 100, 26], [79, 23, 91], [96, 22, 86], [56, 1, 127], [97, 50, 111], [38, 2, 154], [75, 20, 28], [81, 10, 81], [96, 55, 168], [25, 87, 88], [46, 51, 38], [12, 67, 88], [83, 54, 42], [0, 0, 0], [69, 25, 98], [0, 0, 0], [69, 89, 122], [67, 98, 150], [68, 37, 176]]
[[41, 37, 15], [59, 100, 11], [7, 76, 15], [76, 17, 91], [43, 13, 90], [99, 58, 20], [1, 89, 25], [67, 64, 0], [23, 87, 46], [93, 33, 79], [3, 44, 70], [32, 18, 1], [19, 87, 108], [98, 38, 59], [29, 77, 68], [91, 27, 138], [18, 89, 127], [16, 78, 52], [0, 0, 0], [92, 29, 114], [0, 0, 0], [91, 29, 175], [63, 78, 42], [57, 93, 43]]
[[75, 99, 131], [36, 72, 97], [92, 51, 130], [18, 85, 96], [53, 32, 33], [52, 80, 173], [97, 13, 137], [72, 14, 75], [33, 96, 16], [96, 90, 148], [56, 71, 43], [14, 32, 25], [58, 39, 47], [10, 27, 72], [54, 78, 13], [36, 48, 27], [59, 56, 0], [90, 89, 89], [0, 0, 0], [30, 18, 64], [0, 0, 0], [29, 61, 35], [83, 3, 123], [79, 14, 152]]
[[68, 10, 164], [49, 61, 34], [56, 5, 93], [77, 63, 114], [32, 22, 77], [22, 82, 7], [69, 70, 156], [25, 4, 147], [62, 53, 157], [12, 6, 115], [91, 39, 52], [9, 4, 165], [84, 88, 101], [0, 77, 155], [58, 95, 40], [2, 52, 148], [38, 84, 142], [52, 71, 63], [0, 0, 0], [38, 22, 63], [0, 0, 0], [53, 34, 158], [8, 45, 141], [60, 96, 92]]
[[37, 90, 17], [19, 30, 94], [15, 72, 32], [24, 44, 11], [67, 81, 78], [3, 46, 38], [81, 15, 152], [92, 74, 71], [29, 100, 9], [6, 5, 45], [41, 4, 142], [60, 93, 92], [82, 1, 42], [38, 65, 89], [52, 96, 56], [44, 3, 111], [91, 23, 170], [69, 82, 107], [0, 0, 0], [26, 81, 95], [0, 0, 0], [90, 22, 76], [0, 5, 57], [21, 77, 67]]
[[21, 75, 93], [53, 15, 128], [74, 11, 47], [93, 10, 142], [11, 91, 75], [28, 13, 151], [5, 96, 62], [23, 26, 77], [49, 3, 159], [40, 21, 11], [71, 19, 69], [23, 5, 47], [49, 27, 50], [71, 48, 72], [97, 20, 37], [67, 40, 57], [40, 15, 123], [43, 70, 100], [0, 0, 0], [33, 61, 87], [0, 0, 0], [44, 91, 33], [48, 32, 12], [58, 27, 20]]
[[72, 9, 11], [63, 26, 134], [26, 47, 71], [43, 87, 7], [70, 9, 7], [24, 65, 128], [60, 51, 100], [66, 1, 12], [1, 55, 76], [0, 43, 9], [43, 29, 153], [90, 57, 92], [95, 2, 35], [66, 96, 77], [12, 52, 22], [9, 28, 57], [22, 25, 160], [85, 94, 107], [0, 0, 0], [89, 47, 122], [0, 0, 0], [63, 25, 6], [92, 63, 81], [83, 6, 55]]
[[86, 29, 112], [10, 42, 90], [63, 81, 52], [32, 23, 79], [27, 23, 46], [66, 60, 147], [22, 17, 167], [86, 69, 164], [39, 20, 171], [32, 23, 168], [25, 51, 123], [53, 84, 35], [38, 68, 121], [53, 73, 144], [80, 5, 30], [18, 58, 69], [32, 37, 33], [23, 89, 114], [0, 0, 0], [90, 37, 24], [0, 0, 0], [65, 14, 116], [9, 34, 68], [24, 29, 99]]
[[44, 25, 174], [100, 5, 24], [3, 100, 145], [64, 83, 152], [1, 10, 47], [18, 62, 80], [20, 99, 117], [70, 23, 70], [73, 78, 102], [76, 88, 121], [85, 54, 3], [44, 31, 141], [100, 25, 14], [47, 0, 171], [45, 80, 55], [15, 1, 23], [53, 65, 138], [76, 94, 36], [0, 0, 0], [98, 77, 79], [0, 0, 0], [94, 33, 86], [89, 77, 120], [75, 1, 72]]
[[24, 38, 57], [46, 22, 30], [66, 89, 23], [90, 32, 17], [77, 58, 178], [76, 0, 11], [92, 63, 23], [1, 19, 164], [29, 36, 0], [93, 93, 80], [11, 12, 180], [54, 28, 162], [78, 26, 151], [58, 70, 37], [27, 86, 77], [55, 36, 27], [48, 85, 145], [19, 35, 3], [0, 0, 0], [0, 33, 148], [0, 0, 0], [88, 94, 154], [75, 5, 18], [17, 81, 20]]
[[14, 81, 172], [85, 16, 34], [42, 81, 160], [47, 5, 163], [48, 4, 66], [80, 51, 5], [63, 47, 9], [14, 100, 158], [11, 59, 0], [70, 44, 162], [53, 14, 147], [90, 20, 145], [55, 33, 148], [7, 75, 162], [90, 49, 144], [82, 49, 102], [97, 27, 40], [29, 68, 128], [0, 0, 0], [27, 78, 78], [0, 0, 0], [80, 13, 102], [7, 10, 65], [24, 52, 87]]
[[66, 13, 5], [18, 97, 118], [34, 9, 168], [7, 70, 79], [37, 24, 5], [37, 27, 164], [6, 41, 7], [72, 12, 26], [49, 2, 152], [77, 42, 42], [26, 38, 83], [7, 34, 40], [53, 72, 2], [59, 14, 10], [61, 83, 76], [58, 67, 93], [63, 74, 100], [71, 61, 162], [0, 0, 0], [22, 97, 9], [0, 0, 0], [37, 44, 151], [2, 8, 175], [37, 60, 91]]
[[74, 11, 56], [42, 82, 52], [14, 7, 98], [34, 37, 48], [87, 15, 176], [47, 53, 30], [73, 34, 123], [10, 47, 35], [0, 20, 141], [71, 1, 63], [61, 98, 4], [73, 85, 132], [92, 87, 146], [87, 36, 159], [42, 67, 134], [35, 86, 84], [62, 21, 1], [44, 13, 17], [0, 0, 0], [76, 69, 172], [0, 0, 0], [10, 75, 75], [35, 5, 14], [32, 44, 5]]
[[72, 36, 83], [36, 21, 168], [66, 24, 142], [58, 18, 168], [16, 8, 21], [8, 72, 66], [53, 15, 32], [19, 57, 151], [50, 3, 175], [74, 86, 93], [15, 52, 83], [96, 51, 9], [59, 44, 101], [30, 96, 173], [2, 38, 42], [45, 99, 66], [50, 18, 23], [39, 93, 119], [0, 0, 0], [43, 63, 36], [0, 0, 0], [51, 27, 139], [60, 30, 168], [9, 74, 73]]
[[8, 18, 99], [95, 61, 38], [53, 4, 28], [67, 13, 24], [98, 93, 84], [99, 3, 108], [56, 11, 67], [94, 62, 41], [52, 46, 139], [67, 24, 122], [65, 58, 7], [65, 37, 162], [22, 66, 27], [19, 90, 2], [85, 22, 89], [48, 65, 26], [22, 40, 4], [20, 74, 135], [0, 0, 0], [33, 5, 123], [0, 0, 0], [84, 5, 24], [31, 82, 49], [9, 99, 51]]
[[5, 62, 26], [92, 44, 45], [34, 23, 104], [55, 4, 111], [97, 39, 133], [71, 30, 4], [89, 68, 38], [39, 72, 117], [43, 19, 135], [100, 9, 20], [55, 51, 39], [86, 88, 83], [54, 45, 51], [11, 33, 50], [45, 10, 94], [95, 88, 81], [69, 71, 139], [38, 32, 152], [0, 0, 0], [77, 49, 37], [0, 0, 0], [78, 38, 60], [43, 1, 105], [47, 28, 142]]
[[2, 82, 15], [82, 7, 94], [10, 94, 39], [0, 74, 59], [71, 4, 162], [4, 4, 136], [91, 3, 109], [43, 93, 101], [88, 45, 177], [84, 86, 50], [82, 74, 153], [13, 18, 84], [1, 48, 17], [71, 15, 30], [27, 80, 71], [97, 56, 176], [39, 95, 125], [80, 35, 125], [0, 0, 0], [83, 74, 116], [0, 0, 0], [17, 28, 86], [26, 92, 116], [10, 62, 17]]
[[78, 38, 178], [53, 7, 45], [1, 23, 171], [14, 27, 162], [63, 20, 11], [96, 16, 25], [33, 72, 29], [75, 15, 48], [9, 90, 120], [97, 32, 0], [20, 83, 128], [10, 71, 165], [98, 33, 116], [62, 69, 64], [81, 63, 155], [10, 77, 171], [55, 81, 144], [41, 89, 48], [0, 0, 0], [69, 69, 15], [0, 0, 0], [57, 44, 44], [17, 1, 64], [42, 20, 22]]
[[43, 94, 114], [40, 48, 161], [79, 86, 41], [54, 47, 122], [4, 6, 151], [43, 91, 177], [15, 63, 176], [89, 82, 24], [17, 86, 0], [69, 99, 0], [100, 38, 6], [14, 73, 89], [43, 42, 1], [12, 17, 153], [32, 31, 73], [79, 58, 124], [72, 48, 97], [33, 49, 144], [0, 0, 0], [47, 21, 178], [0, 0, 0], [61, 56, 174], [35, 13, 143], [79, 96, 0]]
[[22, 56, 92], [27, 10, 45], [78, 89, 167], [8, 27, 4], [63, 87, 43], [35, 48, 163], [3, 90, 72], [31, 30, 136], [54, 2, 5], [94, 46, 108], [47, 75, 138], [54, 75, 22], [74, 6, 29], [12, 60, 70], [58, 30, 37], [20, 10, 26], [98, 14, 117], [65, 48, 2], [0, 0, 0], [59, 0, 89], [0, 0, 0], [16, 43, 11], [16, 85, 118], [72, 81, 0]]
[[76, 28, 53], [48, 30, 172], [85, 39, 106], [56, 59, 122], [1, 91, 50], [87, 93, 32], [73, 59, 1], [91, 12, 53], [89, 36, 139], [65, 7, 176], [18, 86, 5], [73, 12, 138], [22, 94, 72], [67, 46, 95], [13, 21, 7], [80, 8, 56], [81, 12, 131], [51, 7, 7], [0, 0, 0], [99, 92, 12], [0, 0, 0], [56, 83, 11], [14, 69, 134], [46, 83, 164]]
[[87, 93, 113], [2, 60, 15], [16, 77, 153], [18, 35, 24], [95, 61, 24], [64, 75, 102], [86, 22, 67], [59, 76, 90], [96, 47, 91], [70, 56, 61], [2, 59, 97], [68, 29, 18], [63, 59, 176], [0, 78, 126], [5, 31, 111], [64, 11, 130], [80, 25, 69], [33, 84, 13], [0, 0, 0], [87, 38, 170], [0, 0, 0], [21, 100, 71], [18, 56, 35], [54, 68, 76]]
[[70, 14, 87], [27, 91, 114], [57, 88, 153], [55, 83, 91], [77, 41, 36], [51, 7, 90], [36, 88, 68], [56, 15, 129], [30, 83, 63], [77, 18, 7], [66, 55, 164], [36, 18, 47], [81, 24, 106], [0, 88, 35], [5, 76, 68], [71, 52, 69], [2, 57, 40], [22, 84, 50], [0, 0, 0], [31, 88, 162], [0, 0, 0], [96, 24, 135], [1, 70, 69], [54, 24, 143]]
[[91, 67, 146], [12, 43, 146], [5, 63, 56], [77, 73, 126], [67, 25, 101], [7, 30, 161], [89, 74, 26], [44, 45, 44], [6, 21, 168], [47, 58, 104], [100, 26, 20], [17, 6, 100], [95, 22, 38], [67, 73, 58], [33, 88, 124], [60, 7, 102], [93, 34, 95], [4, 87, 140], [0, 0, 0], [8, 99, 11], [0, 0, 0], [1, 98, 119], [33, 9, 180], [97, 6, 98]]
[[29, 66, 103], [39, 37, 64], [9, 64, 92], [30, 36, 43], [75, 52, 19], [40, 16, 42], [9, 70, 100], [16, 64, 91], [0, 96, 66], [12, 74, 117], [75, 19, 29], [3, 97, 103], [90, 91, 56], [31, 9, 79], [85, 22, 118], [73, 52, 173], [63, 74, 138], [55, 72, 7], [0, 0, 0], [70, 51, 56], [0, 0, 0], [10, 53, 87], [93, 70, 28], [54, 55, 103]]
[[72, 25, 97], [17, 80, 87], [57, 84, 22], [21, 9, 128], [93, 20, 55], [6, 43, 46], [19, 20, 1], [54, 20, 93], [96, 39, 108], [50, 2, 145], [50, 65, 2], [84, 31, 50], [93, 71, 106], [0, 94, 59], [50, 7, 55], [25, 14, 51], [40, 23, 172], [98, 18, 124], [0, 0, 0], [24, 93, 176], [0, 0, 0], [57, 82, 8], [76, 93, 72], [66, 26, 75]]
